336 16 656 16
336 86 16 124
336 848 656 16
16 216 16 382
16 648 16 384
656 216 16 382
656 648 16 384
112 112 82 82
240 112 82 82
432 112 82 82
560 112 82 82
88 352 126 112
88 512 126 112
584 352 126 112
584 512 126 112
336 224 148 48
336 278 16 58
112 224 84 48
560 224 84 48
336 544 148 48
336 598 16 58
336 704 148 48
336 758 16 58
56 704 64 48
616 704 64 48
272 416 16 112
400 416 16 112
336 464 112 16
294 368 26 16
378 368 26 16
206 512 16 112
464 512 16 112
206 304 16 206
464 304 16 206
246 304 58 16
424 304 58 16
240 624 72 16
432 624 72 16
112 624 82 16
560 624 82 16
144 678 16 90
526 678 16 90
176 784 198 16
496 784 198 16
206 730 16 92
466 730 16 92